RM-SORN
n=4
[0.9184652278177458, 0.9051620648259304, 0.9147659063625451, 0.8715486194477791, 0.9003601440576231, 0.9003601440576231, 0.9135654261704682, 0.9147659063625451, 0.9064748201438849, 0.9112709832134293]
[1.0, 1.0, 1.0, 0.8263473053892215, 1.0, 1.0, 1.0, 1.0, 1.0, 1.0]
n=8
[0.93, 0.9277777777777778, 0.8988888888888888, 0.8577777777777778, 0.9422222222222222, 0.9488888888888889, 0.9144444444444444, 0.9111111111111111, 0.9011111111111111, 0.9233333333333333]
n=12
[0.9063509149623251, 0.8814655172413793, 0.7954790096878364, 0.8706896551724138, 0.8125, 0.8189655172413793, 0.8696120689655172, 0.9116379310344828, 0.8654467168998924, 0.8460710441334769]
[1.0, 1.0, 0.8472222222222222, 1.0, 1.0, 1.0, 1.0, 1.0, 1.0, 0.971830985915493]
[0.9020452099031216, 0.8751345532831001, 0.896551724137931, 0.8869752421959096, 0.8642241379310345, 0.8739224137931034, 0.8943965517241379, 0.9073275862068966, 0.8879310344827587, 0.7976318]
[0.9863013698630136, 0.9863013698630136, 0.9863013698630136, 0.9863013698630136, 0.9863013698630136, 0.9863013698630136, 0.9863013698630136, 0.9863013698630136, 0.9863013698630136, 0.805555]
n=16
[0.8994708994708994, 0.8241525423728814, 0.8380952380952381, 0.8285714285714286, 0.850635593220339, 0.809322033898305, 0.7870762711864406, 0.801906779661017, 0.7333333333333333, 0.8328042328042328]
[1.0, 1.0, 0.7857142857142857, 0.18181818181818182, 0.509090909090909, 0.44642857142857145, 0.30357142857142855, 0.4909090909090909, 0.375, 0.3392857142857143]
[0.8656084656084656, 0.8507936507936508, 0.8211640211640212, 0.7976694915254238, 0.8835978835978836, 0.817989417989418, 0.885593220338983, 0.8326271186440678, 0.8358050847457628, 0.8495762711864406]
[0.8545454545454545, 0.5892857142857143, 0.6, 0.7454545454545455, 0.7678571428571429, 1.0, 0.8727272727272727, 1.0, 0.8214285714285714, 1.0]
n=20
[0.9077568134171907, 0.9035639412997903, 0.9308176100628931, 0.9046121593291404, 0.9276729559748428, 0.9245283018867925, 0.9119496855345912, 0.9046121593291404, 0.870020964360587, 0.9276729559748428]
[0.5217391304347826, 0.7608695652173914, 0.5869565217391305, 0.7608695652173914, 0.6956521739130435, 0.6086956521739131, 0.6086956521739131, 0.5869565217391305, 0.5652173913043478, 0.6521739130434783]
n=24
[0.922037422037422, 0.840956340956341, 0.9011446409989594, 0.817047817047817, 0.814968814968815, 0.8730489073881373, 0.8293444328824141, 0.8586278586278586, 0.8659043659043659, 0.8627858627858628]
[0.5, 0.4358974358974359, 0.48717948717948717, 0.3684210526315789, 0.6842105263157895, 0.6052631578947368, 0.38461538461538464, 0.6578947368421053, 0.48717948717948717, 0.38461538461538464]
n=28
[0.9348500517063082, 0.9348500517063082, 0.9347826086956522, 0.9400206825232679, 0.937952430196484, 0.9493278179937953, 0.9368530020703933, 0.937888198757764, 0.9513960703205792, 0.9493278179937953]
[0.6176470588235294, 0.5757575757575758, 0.6060606060606061, 0.5588235294117647, 0.6666666666666666, 0.6060606060606061, 0.5454545454545454, 0.5, 0.5294117647058824, 0.5454545454545454]
n=32
[0.933058702368692, 0.9001029866117405, 0.8527291452111225, 0.8422680412371134, 0.8979381443298969, 0.9041237113402062, 0.9104016477857878, 0.8208032955715757, 0.815653964984552, 0.8587628865979381]
[0.6206896551724138, 0.8620689655172413, 0.6666666666666666, 0.4827586206896552, 0.7333333333333333, 0.8275862068965517, 0.4827586206896552, 0.5333333333333333, 0.6666666666666666, 0.6206896551724138]