RM-SORN: 
n=4
[0.9111644657863145, 0.9064748201438849, 0.9099639855942377, 0.9124700239808153, 0.9171668667466987, 0.9148681055155875, 0.9147659063625451, 0.9184652278177458, 0.9159663865546218, 0.91356542]
n=8

[1.0, 1.0, 0.63, 0.66, 1.0, 1.0, 1.0, 1.0, 1.0, 1.0]
n=12
[0.8719052744886975, 0.8523706896551724, 0.8286637931034483, 0.8426724137931034, 0.8266953713670614, 0.883745963401507, 0.8923573735199138, 0.9019396551724138, 0.8815931108719053, 0.872844827]

[0.9020452099031216, 0.8751345532831001, 0.896551724137931, 0.8869752421959096, 0.8642241379310345, 0.8739224137931034, 0.8943965517241379, 0.9073275862068966, 0.8879310344827587, 0.7976318]
[0.9863013698630136, 0.9863013698630136, 0.9863013698630136, 0.9863013698630136, 0.9863013698630136, 0.9863013698630136, 0.9863013698630136, 0.9863013698630136, 0.9863013698630136, 0.805555]
n=16
[0.8792372881355932, 0.891005291005291, 0.840042372881356, 0.8114406779661016, 0.8878306878306879, 0.9046610169491526, 0.9068783068783068, 0.8994708994708994, 0.909957627118644, 0.91746031746]
[0.8, 1.0, 1.0, 0.6607142857142857, 0.5357142857142857, 0.5714285714285714, 0.8181818181818182, 0.5714285714285714, 1.0, 0.625]
n=20
[0.9171907756813418, 0.870020964360587, 0.9287211740041929, 0.9213836477987422, 0.9213836477987422, 0.9119496855345912, 0.9213836477987422, 0.9266247379454927, 0.9371069182389937, 0.929769392]
n=24
[0.9157127991675338, 0.9219562955254943, 0.9011446409989594, 0.9396462018730489, 0.922996878251821, 0.9427679500520292, 0.9324324324324325, 0.9230769230769231, 0.8938605619146722, 0.94380853]
[0.4473684210526316, 0.7368421052631579, 0.6153846153846154, 0.5526315789473685, 0.631578947368421, 0.5789473684210527, 0.6410256410256411, 0.6666666666666666, 0.6410256410256411, 0.589]
n=28
[0.922440537745605, 0.8902691511387164, 0.8448810754912099, 0.9358178053830227, 0.9410548086866598, 0.9358841778697001, 0.9389865563598759, 0.9503619441571872, 0.9420889348500517, 0.952430]
[0.5294117647058824, 0.4411764705882353, 0.5588235294117647, 0.5294117647058824, 0.7352941176470589, 0.5428571428571428, 0.5882352941176471, 0.7941176470588235, 0.6176470588235294, 0.67647]
n=32
[0.945417095777549, 0.8175257731958763, 0.8661174047373842, 0.8465499485066942, 0.9010309278350516, 0.9567010309278351, 0.9423274974253347, 0.9351184346035015, 0.9588053553038105, 0.9515962]
[0.5666666666666667, 0.5333333333333333, 0.36666666666666664, 0.5, 0.6, 0.4, 0.5, 0.5806451612903226, 0.7419354838709677, 0.6129032258064516]

SORN:
n=4
[1.0, 0.7523398128149748, 0.8893688504919607, 0.6448284137269018, 0.2916466634661546, 0.18939030244839175, 1.0, 0.8000959923206143, 0.8980081593472522, 1.0]
[0.9988009592326139, 0.0, 0.7362110311750599, 0.0, 0.0, 0.0, 0.9988009592326139, 0.0, 0.4892086330935252, 0.9988023952095808]
n=8
[0.47733333333333333, 0.9162222222222223, 0.8888888888888888, 0.8084444444444444, 0.8351111111111111, 0.8888888888888888, 0.9495555555555556, 0.5697777777777778, 0.8888888888888888, 0.864]
[0.0, 0.499001996007984, 0.3413173652694611, 0.0, 0.0, 0.0, 0.5449101796407185, 0.5149700598802395, 0.2634730538922156, 0.0]
n=12
[0.8533275899203101, 0.8862559241706162, 0.9032952832220547, 0.15338216286083584, 0.8143441740254146, 0.8664368806548901, 0.8462201163041138, 0.8293838862559242, 0.9244023260822744, 0.651]
[0.49441340782122906, 0.0, 0.0, 0.0, 0.0, 0.0, 0.0, 0.0, 0.17039106145251395, 0.0]
n=16
[0.3653113087674714, 0.9413508363328393, 0.941126641253706, 0.9246082168572639, 0.941126641253706, 0.941126641253706, 0.4499258945585433, 0.9263024142312579, 0.941126641253706, 0.91]
[0,0,0,...]
n=20
[0.3444374607165305, 0.6838466373350094, 0.4259375654724492, 0.9524408129059292, 0.9524408129059292, 0.9404861693210393, 0.26089689857502096, 0.541169076052797, 0.0, 0.5271317829457365]
[0.23684210526315788, 0.0, 0.0, 0.0, 0.0, 0.0, 0.0, 0.0, 0.0, 0.0]
n=24
[0.5417100062408987, 0.9598585690515807, 0.9394758735440932, 0.9315723793677204, 0.9303244592346089, 0.0, 0.52391846921797, 0.9498752079866889, 0.9600665557404326, 0.9600665557404326]
n=28
[0.9275812124974137, 0.9654458928201946, 0.9457893647837782, 0.3027105317608111, 0.9654458928201946, 0.4301675977653631, 0.5309331678046761, 0.01696668735774881, 0.49596523898199874, 0.46575]
[0.30357142857142855, 0.0, 0.0, 0.0, 0.0, 0.0, 0.0, 0.0, 0.0, 0.0]
n=32
[0.9680609932000824, 0.46198227900267874, 0.9697094580671749, 0.9394189161343499, 0.5176179682670513, 0.2604574490006182, 0.9662064702246034, 0.9697094580671749, 0.9697094580671749, 0.9697]
[0.6824324324324325, 0.0, 0.0, 0.0, 0.0, 0.0, 0.0, 0.0, 0.0, 0.0]